subject10.normal.jpg     15.920143066429366  595.4019391274143  0.0  
subject01.normal.jpg     19.9243902278623  595.4019391274405  1.0  
subject14.sad.jpg     23.307606677967456  1107.8938682490887  4.0  
subject11.happy.jpg     23.530869239555756  835.0436503927161  5.0  
subject15.normal.jpg     8.811167331901801  595.4019391274421  2.0  
subject12.normal.jpg     40.69725594164309  2318.366274716083  1.0  
subject03.normal.jpg     10.214696271280003  595.401939127411  3.0  
subject01.happy.jpg     25.004232443026957  1318.5126986957648  1.0  
subject14.normal.jpg     19.471413511220764  595.4019391274227  4.0  
apple1_gray.jpg     41.124560809120396  1724.6930740936243  1.0  
subject11.normal.jpg     8.79504977063817  595.4019391273977  5.0  
subject07.happy.jpg     32.724048691362604  1590.0595398787507  6.0  
subject01.centerlight.jpg     33.45307074596535  2634.2219773778074  1.0  
subject14.happy.jpg     25.158631312729383  1250.541441762717  4.0  
subject07.normal.jpg     8.642994782858507  595.4019391274185  6.0  
subject07.centerlight.jpg     33.699903912620954  2149.435976059682  6.0  
subject02.normal.jpg     7.7906689353683225  595.4019391274285  7.0  
subject11.centerlight.jpg     52.020552397639825  2431.019161940162  5.0  
